0
73
15
99
25
78
-1
1
13
62
28
2
95
-1
2
81
61
97
62
-1
3
96
88
15
84
51
-1
4
10
71
28
48
-1
5
35
22
88
13
38
-1
6
89
5
0
29
38
-1
7
46
77
48
43
-1
8
15
72
1
8
70
-1
9
86
69
88
93
1
-1
10
14
78
70
79
24
-1
11
18
43
41
53
47
-1
12
42
94
60
58
25
-1
13
26
97
94
-1
14
95
18
77
69
94
-1
15
36
90
62
23
68
-1
16
42
46
5
54
22
-1
17
74
4
50
25
84
-1
18
6
46
25
20
-1
19
97
73
96
84
89
-1
20
70
42
93
12
18
-1
21
92
61
28
45
7
-1
22
64
17
67
2
45
-1
23
84
45
46
28
64
-1
24
24
65
69
0
64
-1
25
48
37
70
73
4
-1
26
56
58
65
18
71
-1
27
95
16
90
5
56
-1
28
7
36
58
96
76
-1
29
95
51
38
71
11
-1
30
77
65
94
42
85
-1
31
66
49
89
42
10
-1
32
39
35
25
34
43
-1
33
12
71
21
30
81
-1
34
90
56
42
37
27
-1
35
60
14
22
5
-1
36
60
76
74
6
52
-1
37
32
60
48
73
50
-1
38
42
20
71
77
44
-1
39
36
92
29
79
97
-1
40
5
25
86
14
61
-1
41
60
36
22
16
26
-1
42
36
17
15
13
89
-1
43
77
14
3
87
90
-1
44
74
90
69
15
38
-1
45
63
94
34
77
45
-1
46
34
2
78
40
63
-1
47
17
94
39
99
52
-1
48
54
37
73
31
-1
49
24
88
22
80
-1
50
64
12
49
48
34
-1
51
96
95
8
84
-1
52
43
91
85
54
41
-1
53
6
24
61
77
33
-1
54
17
52
91
70
7
-1
55
68
71
2
87
28
-1
56
34
46
85
67
92
-1
57
18
20
54
76
50
-1
58
11
46
25
96
36
-1
59
1
17
39
36
73
-1
60
70
19
27
13
64
-1
61
66
77
41
22
89
-1
62
64
55
42
50
46
-1
63
91
92
54
60
34
-1
64
49
32
46
6
90
-1
65
24
66
4
42
77
-1
66
90
13
68
49
23
-1
67
44
64
30
81
65
-1
68
90
96
89
9
12
-1
69
93
14
67
44
54
-1
70
88
64
16
81
23
-1
71
23
34
50
10
48
-1
72
87
96
25
14
15
-1
73
97
5
87
95
14
-1
74
91
31
6
60
-1
75
39
66
51
61
73
-1
76
52
36
29
79
38
-1
77
33
43
71
21
78
-1
78
88
15
18
7
69
-1
79
96
11
93
55
88
-1
80
38
21
42
43
16
-1
81
28
99
29
79
91
-1
82
16
25
67
20
62
-1
83
76
47
89
93
51
-1
84
3
78
70
48
50
-1
85
74
34
64
77
76
-1
86
37
95
87
33
47
-1
87
29
20
11
62
27
-1
88
62
38
27
35
75
-1
89
82
25
97
76
18
-1
90
14
90
39
98
55
-1
91
74
11
9
92
14
-1
92
41
18
79
38
66
-1
93
1
42
3
11
63
-1
94
25
59
46
67
84
-1
95
20
53
30
79
40
-1
96
8
71
72
56
95
-1
97
37
13
51
36
35
-1
98
63
81
18
26
60
-1
99
35
86
50
60
37
-1
100
122
156
186
187
105
-1
101
164
127
109
162
198
-1
102
152
108
104
155
150
-1
103
115
134
164
157
-1
104
111
159
170
123
190
-1
105
149
187
168
183
178
-1
106
101
164
183
135
170
-1
107
111
176
160
162
128
-1
108
128
178
143
126
150
-1
109
165
183
142
168
-1
110
193
102
129
112
169
-1
111
192
157
190
117
148
-1
112
170
184
165
129
118
-1
113
161
121
118
164
124
-1
114
121
173
116
155
171
-1
115
179
119
183
188
-1
116
135
165
120
189
158
-1
117
128
105
195
181
196
-1
118
116
100
165
128
126
-1
119
147
161
165
100
182
-1
120
199
131
152
169
162
-1
121
197
166
160
170
123
-1
122
192
124
189
136
166
-1
123
140
148
149
124
116
-1
124
103
114
153
111
133
-1
125
142
182
121
159
116
-1
126
109
177
128
145
123
-1
127
102
143
162
130
101
-1
128
110
130
198
191
104
-1
129
190
146
138
186
189
-1
130
153
179
127
154
131
-1
131
184
179
128
135
112
-1
132
185
147
152
181
189
-1
133
174
189
115
176
132
-1
134
110
113
154
189
142
-1
135
142
134
112
197
185
-1
136
169
141
187
161
133
-1
137
117
190
135
110
181
-1
138
173
186
105
146
121
-1
139
189
197
158
154
112
-1
140
110
176
175
180
150
-1
141
172
140
101
124
158
-1
142
105
157
159
155
125
-1
143
129
169
165
184
136
-1
144
180
128
112
130
176
-1
145
167
138
184
187
101
-1
146
146
135
143
163
-1
147
176
172
183
137
180
-1
148
127
162
108
145
123
-1
149
193
133
156
127
149
-1
150
199
180
172
127
182
-1
151
137
197
104
179
140
-1
152
176
177
140
127
113
-1
153
145
185
156
164
179
-1
154
123
129
198
124
196
-1
155
116
160
121
125
162
-1
156
182
107
165
154
125
-1
157
168
169
107
119
199
-1
158
157
151
154
180
165
-1
159
170
104
154
147
160
-1
160
128
132
118
175
-1
161
149
106
113
151
170
-1
162
140
162
199
114
184
-1
163
126
176
103
122
121
-1
164
194
134
199
117
106
-1
165
150
113
109
195
117
-1
166
160
120
146
150
-1
167
129
105
163
187
159
-1
168
132
190
117
150
181
-1
169
153
118
130
154
114
-1
170
109
137
159
187
162
-1
171
191
189
187
136
179
-1
172
108
155
178
192
124
-1
173
189
110
159
100
129
-1
174
125
137
166
175
141
-1
175
141
164
190
102
107
-1
176
113
122
138
139
185
-1
177
160
168
125
181
128
-1
178
152
177
143
169
103
-1
179
165
119
160
132
125
-1
180
106
160
162
192
136
-1
181
185
132
118
148
120
-1
182
143
111
117
156
174
-1
183
102
120
150
176
159
-1
184
180
183
128
162
163
-1
185
100
118
153
103
169
-1
186
111
133
195
123
166
-1
187
111
134
173
198
149
-1
188
100
132
172
159
112
-1
189
167
192
108
190
132
-1
190
139
101
142
154
107
-1
191
162
173
185
142
108
-1
192
123
169
133
126
187
-1
193
191
165
186
189
188
-1
194
144
137
132
107
165
-1
195
132
168
118
112
121
-1
196
180
143
108
148
178
-1
197
151
154
123
127
198
-1
198
120
170
137
144
148
-1
199
179
174
154
189
195
-1
200
255
231
205
209
257
-1
201
296
277
261
225
233
-1
202
242
201
274
286
-1
203
277
263
246
220
224
-1
204
234
243
273
215
227
-1
205
276
240
246
253
213
-1
206
231
240
263
264
216
-1
207
243
239
219
231
291
-1
208
290
268
217
237
215
-1
209
279
262
272
234
243
-1
210
202
296
286
245
287
-1
211
243
253
285
279
200
-1
212
259
294
242
253
280
-1
213
260
249
279
271
262
-1
214
252
204
283
227
218
-1
215
279
242
228
246
218
-1
216
279
250
230
217
298
-1
217
283
281
277
295
282
-1
218
280
245
254
251
223
-1
219
228
223
218
248
229
-1
220
266
269
209
252
256
-1
221
201
276
206
293
247
-1
222
202
284
280
209
206
-1
223
277
294
268
234
249
-1
224
224
201
286
240
269
-1
225
262
249
296
263
299
-1
226
294
245
273
278
274
-1
227
244
289
222
206
298
-1
228
269
276
228
250
244
-1
229
293
269
291
298
211
-1
230
284
230
201
234
267
-1
231
220
204
213
262
217
-1
232
248
263
253
264
-1
233
218
229
201
278
202
-1
234
228
261
217
288
285
-1
235
225
227
231
285
205
-1
236
266
274
208
244
-1
237
265
264
254
296
270
-1
238
215
278
245
230
262
-1
239
274
202
267
238
266
-1
240
254
209
276
251
205
-1
241
263
221
255
239
267
-1
242
258
216
232
235
264
-1
243
257
236
200
292
229
-1
244
274
230
251
204
291
-1
245
212
264
281
285
215
-1
246
269
293
212
283
233
-1
247
237
291
260
249
-1
248
240
224
219
213
258
-1
249
205
299
258
250
229
-1
250
227
282
259
216
281
-1
251
294
210
221
287
267
-1
252
208
297
224
225
277
-1
253
247
245
267
298
286
-1
254
265
294
250
239
251
-1
255
297
253
224
200
248
-1
256
247
200
237
269
268
-1
257
236
209
244
211
242
-1
258
286
205
273
246
261
-1
259
239
248
254
289
267
-1
260
208
202
219
259
288
-1
261
269
244
257
279
292
-1
262
227
233
240
236
210
-1
263
286
293
236
200
249
-1
264
240
254
246
293
202
-1
265
291
260
259
237
219
-1
266
239
274
223
295
235
-1
267
291
232
297
284
285
-1
268
202
230
280
249
288
-1
269
294
202
273
237
249
-1
270
298
229
279
222
207
-1
271
246
239
238
203
223
-1
272
212
278
274
211
270
-1
273
229
294
235
248
212
-1
274
248
225
215
294
-1
275
225
287
233
246
200
-1
276
299
272
215
289
277
-1
277
202
259
239
257
276
-1
278
273
232
253
295
237
-1
279
288
257
264
231
208
-1
280
200
260
269
285
228
-1
281
237
227
275
259
202
-1
282
213
238
217
262
202
-1
283
255
200
227
216
295
-1
284
266
267
200
252
203
-1
285
268
214
213
200
207
-1
286
256
299
279
260
222
-1
287
229
248
267
202
269
-1
288
295
218
208
270
234
-1
289
280
201
247
202
266
-1
290
215
229
284
201
253
-1
291
216
260
238
239
287
-1
292
295
286
212
219
298
-1
293
239
296
226
292
222
-1
294
266
229
204
226
219
-1
295
224
212
214
259
235
-1
296
235
295
282
213
250
-1
297
275
284
250
290
254
-1
298
293
275
221
216
287
-1
299
241
207
200
203
285
-1
300
366
386
395
371
353
-1
301
370
326
380
360
363
-1
302
317
304
353
349
-1
303
383
316
332
306
398
-1
304
346
336
371
313
326
-1
305
332
323
301
304
317
-1
306
392
339
381
393
362
-1
307
330
301
381
388
309
-1
308
361
356
344
324
304
-1
309
399
332
305
366
365
-1
310
304
327
334
373
349
-1
311
398
364
336
321
338
-1
312
372
365
382
379
303
-1
313
341
382
381
320
372
-1
314
346
327
358
335
343
-1
315
349
347
387
327
359
-1
316
358
364
331
343
344
-1
317
374
325
330
366
346
-1
318
335
367
387
348
392
-1
319
316
301
343
386
379
-1
320
349
333
319
340
332
-1
321
324
370
341
329
-1
322
316
332
350
331
329
-1
323
387
309
330
392
325
-1
324
317
300
364
319
320
-1
325
353
327
382
332
333
-1
326
397
317
386
387
340
-1
327
391
338
363
379
399
-1
328
386
331
355
314
325
-1
329
328
319
379
362
386
-1
330
389
366
333
318
328
-1
331
345
341
319
336
378
-1
332
306
305
358
313
303
-1
333
320
342
353
358
336
-1
334
320
391
341
367
303
-1
335
309
300
318
346
306
-1
336
348
353
381
361
366
-1
337
319
394
380
387
321
-1
338
330
336
317
360
384
-1
339
383
321
314
357
304
-1
340
332
391
352
363
-1
341
321
319
350
345
-1
342
369
351
377
353
334
-1
343
311
373
337
397
371
-1
344
312
308
390
306
341
-1
345
376
347
341
346
-1
346
300
379
311
315
373
-1
347
377
384
370
358
-1
348
352
374
356
341
306
-1
349
346
310
369
361
349
-1
350
356
355
354
351
302
-1
351
327
374
398
350
357
-1
352
343
381
355
354
330
-1
353
391
306
300
360
331
-1
354
317
338
380
374
394
-1
355
380
337
325
344
341
-1
356
395
374
382
351
307
-1
357
337
304
343
378
316
-1
358
389
399
305
311
372
-1
359
338
317
314
323
-1
360
376
399
354
364
373
-1
361
349
370
315
304
312
-1
362
329
325
393
359
316
-1
363
378
386
304
395
333
-1
364
300
331
364
316
340
-1
365
352
300
301
398
390
-1
366
391
306
389
333
-1
367
371
338
365
380
337
-1
368
329
395
304
340
396
-1
369
332
380
342
337
316
-1
370
326
370
330
356
302
-1
371
333
350
392
354
380
-1
372
395
305
371
377
-1
373
328
330
348
347
-1
374
328
324
327
340
319
-1
375
380
374
337
354
334
-1
376
305
318
345
381
388
-1
377
337
382
377
329
372
-1
378
305
345
394
393
376
-1
379
397
396
350
311
381
-1
380
364
312
363
305
358
-1
381
307
314
345
332
348
-1
382
331
304
372
369
376
-1
383
339
323
308
303
320
-1
384
311
356
341
354
345
-1
385
336
364
363
337
321
-1
386
375
331
368
322
330
-1
387
316
327
337
369
361
-1
388
356
351
336
315
365
-1
389
318
350
393
349
374
-1
390
366
387
351
362
396
-1
391
304
361
349
318
310
-1
392
320
303
319
376
355
-1
393
399
317
379
342
318
-1
394
366
351
380
383
363
-1
395
374
389
399
354
366
-1
396
331
355
397
318
310
-1
397
367
330
382
340
-1
398
394
391
308
351
337
-1
399
366
300
314
309
376
-1
400
496
452
413
445
442
-1
401
497
451
466
422
404
-1
402
448
461
459
433
465
-1
403
406
488
474
467
490
-1
404
471
457
416
425
401
-1
405
431
409
427
471
444
-1
406
436
410
456
408
486
-1
407
438
458
490
432
473
-1
408
492
479
409
403
490
-1
409
448
441
415
474
401
-1
410
456
478
473
486
439
-1
411
412
468
415
461
494
-1
412
430
417
445
419
434
-1
413
400
477
401
443
422
-1
414
495
409
481
472
423
-1
415
476
434
430
436
422
-1
416
400
474
450
476
469
-1
417
420
455
488
471
445
-1
418
408
440
480
487
462
-1
419
427
419
412
435
428
-1
420
451
434
414
458
460
-1
421
439
446
485
447
418
-1
422
409
481
441
465
477
-1
423
457
403
436
434
421
-1
424
466
458
432
418
477
-1
425
444
433
428
467
460
-1
426
417
486
412
409
476
-1
427
428
420
439
488
-1
428
464
477
406
474
457
-1
429
476
463
499
428
423
-1
430
421
433
453
493
460
-1
431
404
465
431
416
409
-1
432
472
479
483
439
404
-1
433
494
466
435
452
-1
434
458
404
437
441
402
-1
435
412
418
445
499
444
-1
436
489
486
485
438
408
-1
437
437
421
418
464
-1
438
436
432
427
454
-1
439
487
459
450
468
425
-1
440
455
408
453
470
433
-1
441
402
439
416
446
499
-1
442
442
454
445
478
402
-1
443
487
415
447
497
469
-1
444
455
403
432
417
440
-1
445
402
409
408
426
480
-1
446
496
497
495
413
476
-1
447
490
421
449
402
455
-1
448
401
417
409
407
492
-1
449
462
487
419
440
-1
450
404
410
489
479
449
-1
451
436
486
493
458
433
-1
452
468
455
429
460
413
-1
453
475
450
400
488
452
-1
454
479
460
415
470
-1
455
445
415
477
490
484
-1
456
469
499
425
478
453
-1
457
477
423
416
481
420
-1
458
466
485
458
477
472
-1
459
440
498
467
445
438
-1
460
442
427
457
451
-1
461
469
448
461
431
-1
462
449
424
441
463
460
-1
463
431
436
493
445
441
-1
464
419
408
485
452
475
-1
465
478
417
400
427
-1
466
479
402
440
457
449
-1
467
439
417
411
467
469
-1
468
428
453
459
423
443
-1
469
436
415
494
474
434
-1
470
423
467
444
496
451
-1
471
406
486
467
479
456
-1
472
466
410
499
454
444
-1
473
477
409
436
442
-1
474
430
477
486
402
-1
475
413
470
425
410
468
-1
476
415
426
417
477
-1
477
414
482
497
444
487
-1
478
434
467
450
416
414
-1
479
425
474
491
475
-1
480
404
423
470
467
408
-1
481
499
401
419
481
445
-1
482
470
457
489
464
417
-1
483
494
437
429
413
432
-1
484
404
485
449
475
464
-1
485
457
468
463
470
419
-1
486
474
493
496
487
461
-1
487
494
449
446
422
454
-1
488
435
454
426
408
483
-1
489
400
483
427
410
471
-1
490
491
487
465
449
433
-1
491
427
434
474
409
499
-1
492
439
472
429
465
424
-1
493
428
441
443
465
466
-1
494
411
465
460
416
444
-1
495
461
402
483
496
436
-1
496
458
494
416
420
479
-1
497
463
400
424
437
472
-1
498
461
458
430
472
440
-1
499
460
401
447
429
458
-1
500
582
583
532
525
-1
501
540
506
511
550
558
-1
502
569
567
541
506
512
-1
503
550
570
560
526
511
-1
504
549
527
545
546
572
-1
505
590
524
516
515
520
-1
506
577
575
501
580
-1
507
585
574
595
535
511
-1
508
502
592
538
559
550
-1
509
517
599
552
577
525
-1
510
547
549
587
597
511
-1
511
509
544
561
537
568
-1
512
547
541
596
580
592
-1
513
507
591
547
503
-1
514
538
587
526
518
-1
515
549
585
541
562
597
-1
516
582
554
571
579
562
-1
517
563
554
550
584
514
-1
518
567
599
583
539
510
-1
519
587
598
574
561
528
-1
520
582
505
552
541
595
-1
521
513
544
575
504
535
-1
522
555
582
501
522
578
-1
523
500
534
502
520
-1
524
598
595
513
594
587
-1
525
593
564
598
541
569
-1
526
573
594
521
509
569
-1
527
570
597
552
584
557
-1
528
515
532
561
591
503
-1
529
543
551
505
579
583
-1
530
597
530
507
588
591
-1
531
568
500
526
559
506
-1
532
526
569
525
521
-1
533
572
571
561
549
522
-1
534
586
561
581
531
540
-1
535
550
594
568
574
581
-1
536
528
527
595
502
599
-1
537
556
540
543
566
516
-1
538
520
590
550
541
544
-1
539
507
532
596
520
534
-1
540
512
545
544
534
578
-1
541
563
526
565
536
542
-1
542
576
584
550
500
598
-1
543
596
527
560
509
580
-1
544
532
522
588
536
501
-1
545
564
547
569
506
523
-1
546
597
534
533
574
556
-1
547
559
507
557
514
-1
548
573
554
566
531
542
-1
549
515
522
566
593
549
-1
550
531
509
555
505
541
-1
551
596
571
567
576
597
-1
552
533
549
540
534
553
-1
553
514
523
585
533
537
-1
554
555
591
523
587
541
-1
555
509
525
544
513
536
-1
556
559
508
501
530
-1
557
536
533
532
589
530
-1
558
549
509
591
572
537
-1
559
507
524
522
525
587
-1
560
574
550
538
549
573
-1
561
528
525
597
521
558
-1
562
585
591
504
528
509
-1
563
506
571
557
532
521
-1
564
587
511
578
522
552
-1
565
546
549
594
591
-1
566
510
555
536
523
553
-1
567
566
570
594
533
537
-1
568
575
519
501
521
543
-1
569
593
528
507
512
503
-1
570
534
500
577
532
550
-1
571
590
529
583
506
562
-1
572
532
535
566
515
523
-1
573
543
539
527
556
563
-1
574
573
511
575
586
596
-1
575
556
598
560
591
537
-1
576
590
596
552
598
526
-1
577
508
515
542
502
565
-1
578
583
580
550
504
547
-1
579
565
504
570
513
521
-1
580
500
541
587
594
-1
581
505
555
528
500
518
-1
582
505
554
533
528
523
-1
583
552
595
548
532
567
-1
584
545
503
594
568
592
-1
585
561
512
583
570
578
-1
586
523
512
526
599
586
-1
587
584
518
516
595
-1
588
585
591
571
542
590
-1
589
570
522
504
528
513
-1
590
531
506
537
576
579
-1
591
532
596
560
566
576
-1
592
574
521
552
554
525
-1
593
528
596
513
599
597
-1
594
502
527
521
523
572
-1
595
574
568
521
518
539
-1
596
588
553
530
576
524
-1
597
509
563
553
529
536
-1
598
573
589
549
519
581
-1
599
595
505
591
525
592
-1
600
651
614
600
689
615
-1
601
679
637
624
641
-1
602
641
673
697
698
639
-1
603
677
647
669
645
632
-1
604
676
629
650
638
661
-1
605
694
624
649
693
621
-1
606
600
667
689
619
693
-1
607
612
669
623
668
-1
608
663
609
673
639
606
-1
609
698
650
625
649
681
-1
610
685
687
641
695
600
-1
611
688
641
679
682
669
-1
612
693
695
635
629
690
-1
613
683
695
612
643
614
-1
614
612
621
665
619
632
-1
615
630
695
689
663
682
-1
616
681
624
658
651
678
-1
617
687
601
638
646
698
-1
618
629
699
625
610
687
-1
619
642
668
657
602
618
-1
620
649
677
612
656
648
-1
621
634
661
640
657
683
-1
622
617
661
649
694
665
-1
623
666
693
653
661
-1
624
697
676
605
620
658
-1
625
614
647
678
657
689
-1
626
600
646
661
683
673
-1
627
666
645
693
623
690
-1
628
653
684
662
672
622
-1
629
654
609
629
664
628
-1
630
609
699
623
649
-1
631
691
610
614
673
633
-1
632
645
625
644
688
685
-1
633
696
609
623
671
636
-1
634
601
617
647
674
637
-1
635
659
674
614
637
669
-1
636
661
655
623
636
653
-1
637
636
670
621
685
645
-1
638
660
665
605
639
685
-1
639
697
663
617
692
627
-1
640
679
610
654
675
683
-1
641
625
640
618
686
607
-1
642
696
690
603
674
636
-1
643
689
618
627
622
638
-1
644
608
698
666
617
664
-1
645
629
625
669
612
621
-1
646
695
642
685
608
671
-1
647
600
644
689
659
632
-1
648
672
632
673
671
651
-1
649
668
648
660
641
636
-1
650
628
647
644
637
627
-1
651
643
693
687
615
632
-1
652
631
651
602
687
679
-1
653
666
699
649
639
651
-1
654
675
637
650
664
648
-1
655
605
604
668
625
671
-1
656
669
614
692
656
-1
657
665
683
676
699
619
-1
658
687
619
602
645
669
-1
659
683
616
676
618
650
-1
660
633
686
658
623
634
-1
661
659
679
642
683
668
-1
662
601
634
663
670
630
-1
663
693
671
672
675
615
-1
664
607
644
692
678
681
-1
665
645
618
603
600
657
-1
666
652
642
690
651
682
-1
667
663
646
619
647
-1
668
620
637
656
677
640
-1
669
649
639
691
682
676
-1
670
667
656
616
611
639
-1
671
624
638
696
666
643
-1
672
666
612
655
642
688
-1
673
654
662
651
610
614
-1
674
621
674
690
694
623
-1
675
640
673
691
605
683
-1
676
620
654
629
651
611
-1
677
611
696
648
610
656
-1
678
659
624
656
636
604
-1
679
695
671
692
625
601
-1
680
611
630
692
659
688
-1
681
611
688
632
699
613
-1
682
627
671
687
621
614
-1
683
667
660
655
685
683
-1
684
633
619
689
670
672
-1
685
645
614
648
605
638
-1
686
647
622
616
669
682
-1
687
643
602
625
610
639
-1
688
614
610
697
666
-1
689
608
672
660
634
674
-1
690
698
692
669
653
621
-1
691
672
625
665
680
606
-1
692
686
662
603
631
627
-1
693
611
620
669
686
674
-1
694
637
671
625
647
664
-1
695
690
694
689
627
625
-1
696
640
618
645
613
-1
697
611
646
692
651
-1
698
618
614
681
679
691
-1
699
626
622
686
614
633
-1
700
705
794
717
777
735
-1
701
736
785
775
768
706
-1
702
781
751
740
734
776
-1
703
759
791
730
776
760
-1
704
750
721
752
748
-1
705
712
741
787
781
756
-1
706
775
770
710
750
705
-1
707
763
701
793
722
790
-1
708
792
748
780
719
720
-1
709
715
708
713
714
707
-1
710
768
766
736
755
707
-1
711
771
712
730
728
724
-1
712
781
760
748
743
755
-1
713
717
751
714
758
796
-1
714
722
747
733
708
780
-1
715
704
774
748
777
701
-1
716
740
775
798
713
739
-1
717
708
780
766
710
-1
718
798
791
732
708
781
-1
719
733
717
768
719
-1
720
725
753
721
770
706
-1
721
778
760
745
749
753
-1
722
711
713
742
780
768
-1
723
787
709
701
777
760
-1
724
773
710
714
705
755
-1
725
733
779
777
743
786
-1
726
772
769
739
774
750
-1
727
753
714
763
719
780
-1
728
708
739
731
706
701
-1
729
732
777
766
792
707
-1
730
708
749
761
704
735
-1
731
735
752
702
729
766
-1
732
771
740
705
779
792
-1
733
731
797
761
736
793
-1
734
744
754
709
705
-1
735
752
720
781
774
705
-1
736
782
717
791
746
762
-1
737
797
753
749
716
773
-1
738
781
716
763
712
732
-1
739
711
770
760
768
782
-1
740
702
719
758
762
749
-1
741
704
710
734
700
725
-1
742
797
789
727
768
770
-1
743
733
704
780
797
731
-1
744
736
797
791
787
769
-1
745
718
702
764
713
761
-1
746
779
775
742
715
731
-1
747
725
710
788
732
719
-1
748
742
777
748
736
-1
749
724
703
732
758
714
-1
750
795
705
777
745
738
-1
751
791
756
785
766
708
-1
752
777
728
714
793
756
-1
753
737
787
711
751
-1
754
740
700
714
711
730
-1
755
795
753
761
730
707
-1
756
789
754
746
756
773
-1
757
794
789
761
702
-1
758
700
713
794
731
719
-1
759
757
750
735
760
774
-1
760
708
756
757
795
797
-1
761
743
769
766
744
785
-1
762
767
752
700
730
718
-1
763
746
738
795
701
-1
764
746
784
708
780
741
-1
765
725
765
744
710
741
-1
766
726
761
700
786
770
-1
767
765
729
770
720
784
-1
768
757
743
788
752
737
-1
769
764
790
700
757
736
-1
770
713
719
754
792
772
-1
771
782
746
793
723
794
-1
772
775
702
756
718
-1
773
761
706
793
783
775
-1
774
709
757
770
729
706
-1
775
732
773
714
755
786
-1
776
741
797
736
712
788
-1
777
732
791
704
725
793
-1
778
787
726
742
788
797
-1
779
775
759
712
768
711
-1
780
732
705
721
726
737
-1
781
789
738
743
762
-1
782
766
742
799
751
731
-1
783
762
738
729
764
726
-1
784
777
784
767
786
733
-1
785
767
746
747
773
716
-1
786
762
735
731
761
778
-1
787
792
759
712
732
762
-1
788
704
760
773
777
727
-1
789
739
777
788
780
755
-1
790
708
734
738
781
760
-1
791
717
785
773
795
762
-1
792
759
706
774
715
752
-1
793
732
702
738
797
779
-1
794
765
777
724
768
776
-1
795
794
739
725
753
769
-1
796
767
743
794
700
799
-1
797
709
715
701
750
-1
798
720
765
758
753
768
-1
799
748
791
773
717
745
-1
800
859
837
843
876
800
-1
801
830
838
852
816
801
-1
802
815
854
843
879
895
-1
803
800
846
831
830
851
-1
804
815
883
898
887
813
-1
805
827
860
890
831
839
-1
806
884
868
823
879
810
-1
807
809
816
879
829
821
-1
808
894
830
805
808
876
-1
809
802
884
853
850
-1
810
879
870
827
899
-1
811
814
843
892
812
835
-1
812
892
804
822
845
880
-1
813
891
874
808
822
833
-1
814
889
803
883
850
848
-1
815
843
822
897
816
838
-1
816
876
881
823
807
-1
817
846
832
895
858
811
-1
818
852
850
873
860
863
-1
819
880
832
896
856
871
-1
820
870
831
829
846
800
-1
821
839
817
884
858
891
-1
822
895
839
860
817
837
-1
823
894
879
824
854
-1
824
814
896
807
853
855
-1
825
836
853
801
816
867
-1
826
855
823
813
879
831
-1
827
885
831
832
862
892
-1
828
833
896
879
821
866
-1
829
861
852
842
841
826
-1
830
821
870
809
890
891
-1
831
817
873
856
829
885
-1
832
838
808
898
825
855
-1
833
802
883
892
895
811
-1
834
893
831
833
827
869
-1
835
831
868
809
829
837
-1
836
874
896
804
815
813
-1
837
822
881
889
850
876
-1
838
860
823
828
814
826
-1
839
856
820
873
854
858
-1
840
804
851
860
805
887
-1
841
865
801
841
846
849
-1
842
801
875
871
899
891
-1
843
803
829
828
807
856
-1
844
807
808
866
861
-1
845
838
862
850
819
803
-1
846
885
849
831
895
807
-1
847
815
873
875
863
846
-1
848
866
869
821
854
839
-1
849
849
885
894
852
880
-1
850
886
801
881
821
829
-1
851
887
838
817
818
-1
852
883
803
876
829
841
-1
853
804
800
876
864
855
-1
854
825
802
826
828
831
-1
855
861
838
872
843
892
-1
856
831
843
874
820
849
-1
857
860
877
824
884
844
-1
858
893
838
830
816
805
-1
859
875
826
877
895
828
-1
860
872
801
831
803
810
-1
861
827
877
898
826
882
-1
862
806
846
863
847
898
-1
863
869
816
814
847
899
-1
864
848
824
840
858
875
-1
865
856
867
849
851
824
-1
866
827
835
817
832
846
-1
867
802
871
813
898
896
-1
868
850
876
844
875
813
-1
869
817
889
833
875
857
-1
870
844
838
881
827
865
-1
871
845
811
805
894
827
-1
872
894
849
876
833
860
-1
873
866
811
870
879
815
-1
874
870
811
851
831
-1
875
837
804
889
861
836
-1
876
856
854
806
876
852
-1
877
838
811
876
887
878
-1
878
884
863
854
813
-1
879
853
814
862
802
884
-1
880
871
826
873
837
884
-1
881
870
824
807
843
844
-1
882
841
876
861
870
-1
883
864
848
809
828
840
-1
884
868
885
852
800
840
-1
885
899
813
890
827
822
-1
886
842
871
864
879
-1
887
821
882
811
899
-1
888
832
812
852
874
889
-1
889
880
878
823
809
803
-1
890
862
828
844
889
888
-1
891
828
856
891
872
809
-1
892
818
869
820
895
836
-1
893
865
876
854
838
806
-1
894
841
839
880
894
869
-1
895
830
809
846
816
828
-1
896
817
871
820
873
810
-1
897
807
880
867
891
883
-1
898
804
820
828
829
811
-1
899
883
869
827
884
843
-1
900
922
926
908
956
903
-1
901
992
926
988
979
994
-1
902
974
944
924
996
995
-1
903
923
995
983
954
965
-1
904
953
955
904
916
961
-1
905
988
936
974
900
937
-1
906
954
907
934
976
-1
907
974
977
930
965
908
-1
908
909
948
905
956
902
-1
909
927
996
962
978
-1
910
965
930
950
915
943
-1
911
977
973
969
963
938
-1
912
980
910
941
999
919
-1
913
989
926
924
932
-1
914
949
902
950
917
916
-1
915
914
912
919
992
939
-1
916
982
932
948
903
952
-1
917
903
930
974
954
-1
918
962
983
916
974
976
-1
919
984
912
943
982
972
-1
920
945
941
910
972
985
-1
921
933
981
939
928
927
-1
922
966
916
962
918
989
-1
923
941
910
989
944
973
-1
924
927
911
974
996
912
-1
925
937
976
975
944
991
-1
926
925
973
905
943
967
-1
927
966
920
908
939
985
-1
928
935
993
962
967
940
-1
929
981
982
991
966
963
-1
930
939
989
928
968
915
-1
931
909
983
932
971
938
-1
932
965
940
993
950
967
-1
933
965
967
931
918
940
-1
934
919
963
998
936
971
-1
935
942
930
917
969
982
-1
936
921
987
916
957
-1
937
911
904
931
920
965
-1
938
943
927
980
961
926
-1
939
954
948
926
982
937
-1
940
940
916
974
990
962
-1
941
948
968
955
983
918
-1
942
974
913
908
952
989
-1
943
944
965
923
979
959
-1
944
903
932
948
944
960
-1
945
962
966
932
908
905
-1
946
995
988
909
931
953
-1
947
944
923
993
945
908
-1
948
955
927
997
924
990
-1
949
922
984
967
983
989
-1
950
994
902
938
929
930
-1
951
990
945
987
914
955
-1
952
922
986
925
964
934
-1
953
922
999
989
913
900
-1
954
932
978
987
967
930
-1
955
989
900
956
960
990
-1
956
963
955
949
962
958
-1
957
947
966
921
903
955
-1
958
918
904
929
948
980
-1
959
990
997
916
996
962
-1
960
993
977
941
952
988
-1
961
944
967
920
912
964
-1
962
976
991
961
943
986
-1
963
960
919
935
969
912
-1
964
933
989
935
969
903
-1
965
912
922
901
952
929
-1
966
949
940
921
935
983
-1
967
902
920
979
956
-1
968
949
989
971
987
916
-1
969
915
964
910
909
953
-1
970
922
968
926
933
951
-1
971
956
994
932
968
961
-1
972
939
925
926
902
992
-1
973
985
960
943
999
994
-1
974
928
934
941
978
996
-1
975
920
959
980
972
997
-1
976
960
986
980
966
992
-1
977
984
947
917
981
937
-1
978
966
969
996
991
901
-1
979
944
933
943
994
949
-1
980
903
906
990
929
989
-1
981
957
930
910
964
-1
982
929
970
942
990
907
-1
983
952
921
930
951
-1
984
957
996
984
933
959
-1
985
942
919
928
960
981
-1
986
926
946
951
913
988
-1
987
934
998
980
947
986
-1
988
951
934
944
955
980
-1
989
908
927
919
976
997
-1
990
963
952
979
918
954
-1
991
943
941
925
938
910
-1
992
984
934
932
958
998
-1
993
902
942
968
925
951
-1
994
907
991
904
969
912
-1
995
990
929
908
984
947
-1
996
992
987
918
975
996
-1
997
978
974
980
926
901
-1
998
921
931
924
985
952
-1
999
995
994
979
989
911
-1
