0
44
3
36
12
1
-1
1
6
32
48
4
33
2
-1
2
39
19
27
17
14
3
-1
3
39
5
3
10
21
4
-1
4
1
45
41
35
34
5
-1
5
10
3
41
32
18
6
-1
6
48
2
28
15
4
7
-1
7
28
42
47
36
8
-1
8
13
31
6
35
8
9
-1
9
23
40
28
12
21
10
-1
10
21
36
34
22
11
-1
11
31
43
22
37
45
12
-1
12
13
45
29
41
32
-1
13
17
15
5
7
40
14
-1
14
9
42
35
37
45
15
-1
15
47
8
22
2
46
16
-1
16
8
14
38
12
48
17
-1
17
4
21
28
43
36
18
-1
18
27
20
41
6
49
19
-1
19
10
25
43
46
30
20
-1
20
35
27
11
24
21
-1
21
9
39
25
38
22
-1
22
5
3
29
44
33
23
-1
23
8
37
7
24
35
-1
24
36
9
44
23
25
-1
25
1
4
34
39
30
26
-1
26
37
27
19
11
45
-1
27
22
18
34
28
17
-1
28
29
28
2
12
34
-1
29
47
49
3
44
28
30
-1
30
5
49
6
11
31
-1
31
32
11
1
12
42
-1
32
3
30
45
33
22
-1
33
18
43
5
39
37
34
-1
34
7
29
5
38
36
35
-1
35
33
48
23
44
6
36
-1
36
10
18
45
36
41
37
-1
37
6
30
23
41
35
38
-1
38
31
0
33
30
11
39
-1
39
48
42
20
46
0
40
-1
40
27
40
2
10
39
41
-1
41
48
41
11
23
44
42
-1
42
4
34
37
38
27
43
-1
43
6
29
22
38
41
44
-1
44
31
7
10
9
45
-1
45
10
8
12
33
2
46
-1
46
32
37
28
41
1
47
-1
47
37
4
49
13
23
48
-1
48
14
18
48
35
49
-1
49
27
38
22
28
8
0
-1
50
72
98
94
69
59
51
-1
51
79
70
98
90
52
-1
52
98
89
64
60
53
-1
53
89
84
76
54
73
-1
54
67
84
98
83
78
55
-1
55
96
76
50
61
82
56
-1
56
98
94
82
59
57
-1
57
81
66
93
51
70
58
-1
58
88
91
55
96
93
59
-1
59
67
59
75
73
92
60
-1
60
62
60
58
75
97
61
-1
61
76
84
59
99
69
62
-1
62
90
99
84
71
63
-1
63
89
75
80
73
59
64
-1
64
58
68
69
94
87
65
-1
65
77
85
60
58
83
66
-1
66
90
68
62
57
50
67
-1
67
85
76
69
50
97
68
-1
68
80
97
78
65
90
69
-1
69
51
69
86
83
74
70
-1
70
51
54
86
61
70
71
-1
71
67
63
90
83
74
72
-1
72
65
57
60
76
73
-1
73
82
75
53
64
83
74
-1
74
98
92
87
74
91
75
-1
75
83
52
84
63
81
76
-1
76
54
63
85
71
72
77
-1
77
82
91
93
69
87
78
-1
78
75
69
51
78
73
79
-1
79
99
96
74
78
69
80
-1
80
53
93
69
52
81
-1
81
80
97
74
78
75
82
-1
82
57
85
84
54
72
83
-1
83
71
91
50
54
77
84
-1
84
50
94
74
54
96
85
-1
85
86
89
81
74
90
-1
86
73
80
58
82
87
-1
87
58
99
51
88
-1
88
53
65
55
85
51
89
-1
89
52
91
71
53
90
-1
90
80
57
87
92
78
91
-1
91
77
81
82
89
65
92
-1
92
69
53
75
93
85
-1
93
63
50
92
99
68
94
-1
94
79
94
59
77
61
95
-1
95
99
86
73
59
96
-1
96
77
58
53
72
96
97
-1
97
87
68
89
92
72
98
-1
98
51
99
78
83
63
-1
99
54
50
96
75
-1
100
127
149
125
120
136
101
-1
101
135
109
137
129
139
102
-1
102
103
148
106
139
123
-1
103
103
133
105
136
141
104
-1
104
115
111
147
143
105
-1
105
141
121
100
104
103
106
-1
106
149
113
143
107
-1
107
147
127
109
141
102
108
-1
108
102
122
126
113
103
109
-1
109
129
141
145
134
111
110
-1
110
104
137
106
114
111
-1
111
122
113
100
116
112
-1
112
103
142
147
149
113
-1
113
134
145
114
137
132
-1
114
144
139
127
105
102
115
-1
115
108
130
116
133
138
-1
116
129
133
130
146
117
-1
117
102
100
143
108
124
118
-1
118
134
132
148
105
138
119
-1
119
122
119
110
126
120
-1
120
112
103
116
118
125
121
-1
121
146
108
141
116
122
-1
122
147
107
142
111
104
123
-1
123
141
108
113
124
-1
124
110
137
103
116
109
125
-1
125
129
110
128
131
126
-1
126
103
148
145
115
101
127
-1
127
113
107
102
122
128
-1
128
111
129
117
120
119
-1
129
100
106
127
141
123
130
-1
130
100
121
114
101
129
131
-1
131
122
124
101
134
112
132
-1
132
139
130
132
117
116
133
-1
133
136
110
134
109
125
-1
134
107
148
109
117
136
135
-1
135
119
125
149
112
136
-1
136
108
112
134
115
128
137
-1
137
108
104
110
144
114
138
-1
138
108
121
115
106
132
139
-1
139
138
101
144
104
141
140
-1
140
138
108
117
112
106
141
-1
141
125
141
137
122
148
142
-1
142
119
122
108
111
120
143
-1
143
100
120
140
115
144
-1
144
121
129
147
140
102
145
-1
145
141
117
102
100
145
146
-1
146
110
121
108
126
123
147
-1
147
138
127
122
115
148
-1
148
103
116
118
135
100
149
-1
149
116
122
133
109
138
100
-1
150
171
193
176
186
151
-1
151
180
190
175
178
160
152
-1
152
191
185
195
154
199
153
-1
153
180
160
184
179
173
154
-1
154
167
178
188
199
161
155
-1
155
186
167
176
155
160
156
-1
156
168
183
152
176
157
-1
157
198
173
179
169
158
-1
158
164
153
171
152
180
159
-1
159
180
190
175
188
160
-1
160
195
170
158
179
180
161
-1
161
154
168
164
163
193
162
-1
162
195
176
188
152
198
163
-1
163
190
193
191
166
194
164
-1
164
199
161
169
192
197
165
-1
165
187
172
191
185
160
166
-1
166
180
190
150
193
174
167
-1
167
196
169
188
162
183
168
-1
168
157
165
183
196
163
169
-1
169
183
160
198
180
170
-1
170
187
179
161
178
152
171
-1
171
153
186
158
156
169
172
-1
172
150
198
187
178
169
173
-1
173
187
178
173
167
174
-1
174
176
151
152
188
177
175
-1
175
172
184
169
189
155
176
-1
176
194
176
165
162
196
177
-1
177
152
168
169
180
178
-1
178
180
187
172
194
169
179
-1
179
168
165
159
188
180
-1
180
183
171
157
170
151
181
-1
181
159
185
163
167
182
-1
182
178
177
194
162
182
183
-1
183
160
192
152
196
189
184
-1
184
170
179
177
176
178
185
-1
185
196
155
184
193
160
186
-1
186
177
169
191
185
195
187
-1
187
192
186
184
165
188
-1
188
167
176
156
191
198
189
-1
189
190
197
159
155
170
-1
190
159
152
185
155
182
191
-1
191
167
190
153
183
156
192
-1
192
172
160
176
197
179
193
-1
193
164
189
198
160
156
194
-1
194
171
181
175
159
173
195
-1
195
170
151
178
167
197
196
-1
196
165
163
195
175
176
197
-1
197
159
166
154
199
198
-1
198
186
183
161
154
199
-1
199
191
170
173
157
194
150
-1
200
208
211
214
240
234
201
-1
201
210
242
232
246
239
202
-1
202
249
240
207
203
211
-1
203
243
214
211
235
229
204
-1
204
230
203
235
221
213
205
-1
205
207
218
240
233
206
-1
206
213
241
245
214
240
207
-1
207
236
222
215
202
209
208
-1
208
224
214
240
217
226
209
-1
209
206
234
246
216
215
210
-1
210
201
224
239
246
231
211
-1
211
210
225
248
234
212
-1
212
204
226
206
209
210
213
-1
213
201
236
230
209
240
214
-1
214
242
246
221
202
234
215
-1
215
205
243
225
236
232
216
-1
216
214
213
216
236
239
217
-1
217
221
202
235
206
233
218
-1
218
231
240
230
245
202
219
-1
219
212
207
213
246
239
220
-1
220
233
213
212
234
249
221
-1
221
245
205
207
216
238
222
-1
222
202
220
207
216
227
223
-1
223
237
209
213
229
224
-1
224
216
222
235
247
209
225
-1
225
201
206
203
241
226
-1
226
217
241
243
232
220
227
-1
227
205
212
234
247
242
228
-1
228
246
248
223
239
229
-1
229
213
236
214
211
230
-1
230
201
239
216
233
200
231
-1
231
216
207
247
205
246
232
-1
232
240
242
201
215
230
233
-1
233
230
231
213
245
244
234
-1
234
215
236
247
202
235
-1
235
212
217
224
242
236
-1
236
247
245
241
222
246
237
-1
237
224
201
232
235
220
238
-1
238
210
231
248
211
243
239
-1
239
242
236
244
207
240
-1
240
236
238
223
229
215
241
-1
241
203
241
216
200
240
242
-1
242
202
236
242
218
205
243
-1
243
224
200
229
212
214
244
-1
244
220
221
239
238
244
245
-1
245
222
228
210
209
236
246
-1
246
231
210
246
230
209
247
-1
247
232
231
244
225
204
248
-1
248
235
224
247
207
243
249
-1
249
243
210
236
226
223
200
-1
250
284
262
286
272
261
251
-1
251
283
288
258
298
292
252
-1
252
277
284
281
270
271
253
-1
253
265
269
258
283
254
-1
254
293
280
286
290
279
255
-1
255
253
290
299
292
259
256
-1
256
265
252
283
254
294
257
-1
257
274
277
267
258
-1
258
283
298
280
276
260
259
-1
259
272
276
295
262
292
260
-1
260
260
293
291
278
261
-1
261
291
273
279
275
272
262
-1
262
297
259
271
281
275
263
-1
263
285
278
297
257
291
264
-1
264
285
266
293
279
295
265
-1
265
255
268
258
299
288
266
-1
266
285
291
293
272
298
267
-1
267
286
255
295
275
268
-1
268
276
281
251
297
256
269
-1
269
281
294
299
258
282
270
-1
270
279
253
277
282
280
271
-1
271
278
266
273
267
274
272
-1
272
275
260
285
258
273
-1
273
265
297
285
289
255
274
-1
274
293
270
253
263
291
275
-1
275
258
250
268
276
273
-1
276
292
289
269
278
250
277
-1
277
289
279
275
294
252
278
-1
278
284
271
251
255
262
279
-1
279
279
291
293
294
286
280
-1
280
253
291
254
256
269
281
-1
281
270
290
267
283
254
282
-1
282
277
273
271
295
268
283
-1
283
255
284
275
259
293
-1
284
293
297
270
283
285
-1
285
256
255
293
263
264
286
-1
286
290
261
282
278
292
287
-1
287
278
265
286
250
281
288
-1
288
299
264
294
283
276
289
-1
289
278
297
270
258
264
290
-1
290
271
296
254
286
250
291
-1
291
258
284
275
295
266
292
-1
292
271
251
280
298
293
-1
293
298
294
277
251
-1
294
261
283
281
265
251
295
-1
295
270
251
276
293
268
296
-1
296
254
276
250
298
286
297
-1
297
282
298
279
256
253
-1
298
250
271
257
265
258
299
-1
299
296
284
261
290
258
250
-1
300
307
319
332
309
301
-1
301
315
304
318
345
335
302
-1
302
324
301
335
341
303
-1
303
322
348
333
342
310
304
-1
304
328
324
314
333
341
305
-1
305
300
314
303
302
306
-1
306
330
340
311
305
331
307
-1
307
313
345
310
301
344
308
-1
308
312
321
302
306
309
-1
309
339
341
330
318
310
-1
310
347
340
342
344
311
-1
311
337
345
347
312
324
-1
312
322
300
315
343
338
313
-1
313
347
322
342
346
310
314
-1
314
318
332
344
329
315
-1
315
317
320
326
334
316
-1
316
332
310
338
328
326
317
-1
317
330
338
314
328
347
318
-1
318
344
307
305
301
319
-1
319
306
344
302
313
311
320
-1
320
337
325
338
334
326
321
-1
321
317
344
339
303
337
322
-1
322
343
322
323
348
306
-1
323
319
317
302
329
306
324
-1
324
329
326
334
344
346
325
-1
325
344
334
333
328
326
-1
326
340
339
319
303
336
327
-1
327
341
317
344
328
323
-1
328
306
324
337
305
343
329
-1
329
348
338
330
345
319
-1
330
341
324
349
330
338
331
-1
331
328
336
300
321
308
332
-1
332
343
320
341
342
345
333
-1
333
349
309
307
330
334
-1
334
317
335
341
-1
335
308
319
327
338
336
-1
336
305
340
332
316
330
337
-1
337
340
324
308
336
306
338
-1
338
313
331
349
343
335
339
-1
339
338
310
314
333
322
340
-1
340
307
341
332
329
-1
341
330
300
337
341
309
342
-1
342
333
319
302
347
318
343
-1
343
320
321
328
303
330
344
-1
344
324
340
302
348
343
345
-1
345
302
304
311
322
346
-1
346
327
306
324
344
307
347
-1
347
303
334
332
313
339
348
-1
348
322
328
310
338
327
349
-1
349
331
300
313
323
318
-1
350
351
367
386
369
388
-1
351
370
373
387
353
389
352
-1
352
373
350
375
396
353
-1
353
374
398
351
389
350
354
-1
354
354
380
369
395
362
355
-1
355
375
387
374
360
363
356
-1
356
376
360
351
373
357
-1
357
350
384
382
399
358
-1
358
368
387
393
390
379
359
-1
359
399
351
352
363
398
360
-1
360
392
380
381
356
379
361
-1
361
367
397
382
374
366
362
-1
362
373
395
362
363
-1
363
377
356
369
397
392
364
-1
364
357
381
367
375
383
365
-1
365
362
372
398
371
366
-1
366
383
360
372
355
392
367
-1
367
398
369
394
357
385
368
-1
368
375
353
366
380
364
369
-1
369
395
362
365
397
370
-1
370
358
350
363
374
384
371
-1
371
359
383
384
385
373
372
-1
372
375
395
373
392
382
-1
373
391
374
383
353
361
-1
374
354
358
379
391
369
375
-1
375
390
355
374
361
377
376
-1
376
395
353
393
381
383
377
-1
377
378
373
379
386
351
-1
378
370
373
368
395
391
379
-1
379
397
356
380
352
384
-1
380
376
381
379
382
398
-1
381
387
382
371
379
390
-1
382
358
359
353
389
356
383
-1
383
364
389
383
386
361
384
-1
384
387
393
350
363
377
385
-1
385
359
385
387
352
380
386
-1
386
366
378
361
376
374
387
-1
387
378
362
354
398
383
388
-1
388
369
386
351
371
364
389
-1
389
391
380
372
395
396
390
-1
390
373
363
357
377
381
391
-1
391
351
386
378
396
392
-1
392
372
397
366
391
385
393
-1
393
355
356
372
384
373
394
-1
394
374
359
391
368
378
395
-1
395
357
351
352
393
363
396
-1
396
353
364
377
394
384
397
-1
397
372
352
398
365
-1
398
389
359
371
370
355
399
-1
399
355
366
361
358
393
350
-1
400
446
418
401
413
415
-1
401
430
438
401
441
446
402
-1
402
401
414
436
407
445
403
-1
403
402
418
442
431
449
404
-1
404
444
408
418
434
439
405
-1
405
414
437
412
443
416
406
-1
406
433
410
422
417
407
-1
407
406
409
430
438
415
408
-1
408
426
428
400
418
409
-1
409
443
433
440
434
419
410
-1
410
406
430
426
404
411
-1
411
432
415
443
444
433
412
-1
412
442
434
425
448
426
413
-1
413
401
444
412
448
445
414
-1
414
434
425
414
401
405
415
-1
415
428
442
419
436
422
416
-1
416
405
401
444
406
409
417
-1
417
403
422
433
409
425
418
-1
418
419
416
417
401
433
-1
419
424
402
419
418
414
420
-1
420
426
445
402
436
401
421
-1
421
437
447
414
402
427
422
-1
422
415
412
403
405
426
423
-1
423
443
449
407
447
410
424
-1
424
402
447
429
438
425
-1
425
441
430
425
446
410
426
-1
426
407
400
430
409
412
427
-1
427
412
411
438
415
426
428
-1
428
436
404
414
438
443
429
-1
429
424
403
418
410
430
-1
430
435
447
411
427
437
431
-1
431
444
415
400
401
422
432
-1
432
418
449
407
439
427
433
-1
433
411
424
440
422
445
434
-1
434
431
403
426
405
417
435
-1
435
448
422
401
411
436
-1
436
414
430
446
416
431
437
-1
437
442
418
405
433
439
438
-1
438
407
402
421
439
-1
439
449
433
405
400
426
440
-1
440
430
428
401
418
436
441
-1
441
439
447
438
448
442
-1
442
446
409
443
430
407
-1
443
406
426
412
400
425
444
-1
444
405
448
441
434
428
445
-1
445
414
412
444
446
419
-1
446
419
418
424
435
447
-1
447
411
427
415
436
420
448
-1
448
422
436
438
425
424
449
-1
449
439
429
402
418
415
400
-1
450
485
468
479
452
473
451
-1
451
493
467
494
497
452
-1
452
476
456
482
459
475
453
-1
453
491
453
477
488
454
-1
454
487
475
469
486
455
-1
455
454
493
487
482
496
456
-1
456
477
450
497
495
452
457
-1
457
475
463
478
495
458
-1
458
463
455
486
474
487
459
-1
459
459
477
455
453
487
460
-1
460
498
463
495
469
496
461
-1
461
476
466
464
481
474
462
-1
462
491
485
490
480
457
463
-1
463
455
469
458
472
482
464
-1
464
487
488
473
450
470
465
-1
465
490
479
486
478
484
466
-1
466
450
459
471
498
462
467
-1
467
493
458
499
468
470
-1
468
465
485
457
491
480
469
-1
469
465
468
499
489
470
-1
470
472
458
493
492
469
471
-1
471
452
481
479
456
472
-1
472
488
476
461
482
453
473
-1
473
464
463
482
490
453
474
-1
474
465
461
482
483
453
475
-1
475
469
497
464
471
476
-1
476
489
460
481
491
479
477
-1
477
458
484
486
459
464
478
-1
478
472
452
460
456
458
479
-1
479
460
478
496
468
484
480
-1
480
462
479
490
468
481
-1
481
451
474
465
459
478
482
-1
482
487
471
481
466
450
483
-1
483
486
475
466
493
499
484
-1
484
451
467
455
491
475
485
-1
485
470
465
472
482
452
486
-1
486
462
470
473
466
487
-1
487
463
470
488
472
487
-1
488
490
488
473
460
456
489
-1
489
498
473
463
453
490
-1
490
490
488
483
472
495
491
-1
491
477
495
499
455
473
492
-1
492
462
471
451
486
452
493
-1
493
450
472
459
475
489
494
-1
494
485
471
464
488
478
495
-1
495
475
497
461
496
-1
496
451
488
492
470
484
497
-1
497
455
499
486
481
487
498
-1
498
485
455
492
450
452
499
-1
499
470
456
479
478
482
450
-1
