0
2
9
17
19
42
1
-1
1
35
45
8
13
4
2
-1
2
27
37
32
12
4
3
-1
3
39
37
46
23
33
4
-1
4
4
32
33
43
22
5
-1
5
1
12
8
0
10
6
-1
6
22
30
1
2
10
7
-1
7
33
8
41
4
20
-1
8
43
35
7
26
9
-1
9
43
21
18
42
30
10
-1
10
14
37
18
29
6
11
-1
11
9
19
15
30
12
-1
12
12
21
33
40
13
-1
13
5
35
10
18
19
14
-1
14
32
0
16
36
28
15
-1
15
34
11
25
5
14
16
-1
16
17
33
22
8
5
-1
17
26
49
30
11
33
18
-1
18
5
45
27
6
19
-1
19
32
27
18
41
15
20
-1
20
44
1
29
46
41
21
-1
21
8
10
41
18
20
22
-1
22
20
33
34
22
26
23
-1
23
42
1
47
34
2
24
-1
24
44
34
30
32
49
25
-1
25
23
17
8
10
41
26
-1
26
16
7
33
24
37
27
-1
27
4
35
24
37
26
28
-1
28
28
19
29
3
17
-1
29
27
47
17
23
11
30
-1
30
15
39
49
47
28
31
-1
31
10
16
47
31
28
32
-1
32
15
42
2
34
30
33
-1
33
21
4
7
11
39
34
-1
34
45
18
40
48
27
35
-1
35
21
13
0
1
23
36
-1
36
24
41
22
18
6
37
-1
37
25
13
14
9
39
38
-1
38
27
3
7
4
30
39
-1
39
4
26
48
46
1
40
-1
40
4
1
16
20
33
41
-1
41
42
39
26
35
15
-1
42
41
1
27
33
5
43
-1
43
7
31
47
25
27
44
-1
44
23
47
42
28
36
45
-1
45
15
12
13
11
46
-1
46
40
11
31
32
24
47
-1
47
35
6
45
2
44
48
-1
48
4
47
25
21
49
-1
49
18
13
34
8
0
-1
50
75
81
92
78
82
51
-1
51
55
76
73
61
60
52
-1
52
95
63
80
50
78
53
-1
53
95
85
79
56
74
54
-1
54
79
75
88
72
55
-1
55
81
86
53
55
56
-1
56
68
73
62
56
53
57
-1
57
84
57
92
80
56
58
-1
58
59
57
50
76
87
-1
59
81
82
88
70
84
60
-1
60
56
85
54
60
77
61
-1
61
56
85
80
74
62
-1
62
76
73
84
61
63
-1
63
91
50
65
56
64
-1
64
81
70
52
79
95
65
-1
65
66
99
78
77
92
-1
66
89
73
99
85
67
-1
67
87
50
94
86
59
68
-1
68
73
72
57
66
69
-1
69
80
82
74
54
57
70
-1
70
75
63
68
87
93
71
-1
71
74
60
98
70
90
72
-1
72
84
94
61
59
53
73
-1
73
70
55
83
68
79
74
-1
74
79
74
82
75
64
-1
75
63
90
58
52
81
76
-1
76
74
92
57
65
51
77
-1
77
97
69
74
73
57
78
-1
78
65
61
96
93
91
79
-1
79
83
95
63
77
91
80
-1
80
62
72
67
64
81
-1
81
94
54
64
74
53
82
-1
82
57
95
97
73
96
83
-1
83
67
99
72
74
86
84
-1
84
72
89
67
52
54
85
-1
85
66
91
65
77
96
86
-1
86
89
73
81
60
62
87
-1
87
57
52
59
95
69
88
-1
88
72
80
52
60
73
89
-1
89
87
62
92
74
90
-1
90
57
75
73
92
70
91
-1
91
82
80
60
97
92
-1
92
74
82
51
87
93
-1
93
74
80
70
77
79
94
-1
94
97
61
58
55
69
95
-1
95
60
91
73
85
98
96
-1
96
89
83
87
81
97
-1
97
57
99
74
60
58
98
-1
98
97
87
77
63
99
-1
99
62
73
54
84
80
50
-1
100
120
131
149
102
101
-1
101
131
124
107
120
114
102
-1
102
120
123
144
148
135
103
-1
103
129
123
124
130
132
104
-1
104
140
129
128
112
147
105
-1
105
136
117
133
148
112
106
-1
106
145
142
146
136
143
107
-1
107
120
114
118
131
103
108
-1
108
145
133
102
122
140
109
-1
109
120
141
135
106
110
-1
110
109
138
144
103
126
111
-1
111
125
139
141
116
132
112
-1
112
121
140
107
127
137
113
-1
113
142
125
107
146
114
-1
114
144
132
116
102
123
115
-1
115
146
124
145
116
-1
116
110
102
140
142
114
117
-1
117
136
111
103
119
142
118
-1
118
143
137
110
119
107
-1
119
110
134
144
135
148
120
-1
120
139
136
103
149
148
121
-1
121
100
117
118
106
112
122
-1
122
112
121
102
145
105
123
-1
123
131
143
123
103
115
124
-1
124
128
131
145
100
111
125
-1
125
120
112
129
100
145
126
-1
126
116
124
148
145
141
127
-1
127
114
146
130
121
128
-1
128
105
106
135
108
103
129
-1
129
138
117
134
126
131
130
-1
130
119
129
123
133
102
131
-1
131
122
136
148
115
134
132
-1
132
103
110
122
142
117
133
-1
133
129
107
125
120
133
134
-1
134
142
116
139
140
135
-1
135
111
121
138
118
122
136
-1
136
143
115
124
100
123
137
-1
137
124
110
105
118
141
138
-1
138
135
102
105
112
101
139
-1
139
140
116
133
109
144
-1
140
137
141
148
142
126
-1
141
112
107
144
135
145
142
-1
142
102
147
137
126
100
143
-1
143
136
131
127
102
125
144
-1
144
117
130
133
118
100
145
-1
145
100
101
106
114
140
146
-1
146
102
124
131
103
100
147
-1
147
149
125
142
129
108
148
-1
148
114
121
122
147
141
149
-1
149
106
130
121
136
137
100
-1
150
153
175
182
159
189
151
-1
151
196
193
188
164
185
152
-1
152
179
167
171
164
156
153
-1
153
162
160
163
158
154
-1
154
193
154
159
186
190
155
-1
155
194
181
187
167
173
156
-1
156
180
168
172
174
194
157
-1
157
157
176
194
185
173
158
-1
158
190
198
175
151
160
159
-1
159
175
187
164
189
182
160
-1
160
190
173
158
178
180
161
-1
161
162
187
159
150
184
-1
162
181
160
165
171
158
163
-1
163
196
191
185
169
164
-1
164
192
161
191
179
165
-1
165
163
154
159
151
150
166
-1
166
186
160
179
165
163
167
-1
167
158
168
191
161
152
-1
168
167
185
178
196
180
169
-1
169
160
186
194
184
159
170
-1
170
182
157
183
150
170
171
-1
171
179
199
164
185
187
172
-1
172
160
177
170
196
158
173
-1
173
166
165
158
182
162
174
-1
174
174
159
160
154
153
175
-1
175
172
195
198
192
190
176
-1
176
190
198
161
169
175
177
-1
177
188
177
193
185
152
178
-1
178
189
185
182
150
179
-1
179
153
162
165
193
180
-1
180
158
184
155
170
192
181
-1
181
158
173
171
196
172
182
-1
182
161
154
198
181
174
183
-1
183
177
191
193
171
184
-1
184
179
163
169
170
165
185
-1
185
182
195
154
178
168
186
-1
186
168
155
172
154
197
187
-1
187
160
183
158
157
197
188
-1
188
155
159
184
189
-1
189
188
181
177
152
197
190
-1
190
192
169
193
188
195
191
-1
191
161
170
176
183
168
192
-1
192
198
183
159
189
161
193
-1
193
198
173
191
169
160
194
-1
194
181
159
196
180
167
195
-1
195
179
180
190
191
178
196
-1
196
179
174
194
180
177
197
-1
197
199
197
160
189
198
-1
198
182
193
188
198
178
199
-1
199
152
162
197
168
155
150
-1
200
228
209
200
248
207
201
-1
201
212
208
238
236
241
202
-1
202
220
223
236
239
231
203
-1
203
230
235
219
201
218
204
-1
204
227
229
209
230
225
205
-1
205
238
236
239
208
230
206
-1
206
217
211
232
235
207
-1
207
236
209
226
208
217
-1
208
227
232
231
220
209
-1
209
233
220
249
242
204
210
-1
210
226
202
247
230
227
211
-1
211
223
212
200
204
241
-1
212
234
210
220
238
212
213
-1
213
233
222
218
204
230
214
-1
214
244
217
238
227
206
215
-1
215
213
225
204
208
244
216
-1
216
202
236
216
215
206
217
-1
217
233
244
247
206
222
218
-1
218
238
207
223
234
200
219
-1
219
208
248
222
249
238
220
-1
220
208
217
247
220
221
-1
221
221
217
216
208
206
222
-1
222
246
243
231
239
218
223
-1
223
225
244
247
232
240
224
-1
224
221
204
229
232
239
225
-1
225
248
246
232
247
234
226
-1
226
248
246
210
215
213
227
-1
227
234
229
210
225
243
228
-1
228
227
204
226
212
239
229
-1
229
248
207
242
232
205
230
-1
230
247
227
219
221
243
231
-1
231
238
247
249
248
240
232
-1
232
235
213
206
236
201
233
-1
233
227
237
221
209
234
-1
234
208
219
225
243
245
235
-1
235
232
218
239
247
238
236
-1
236
207
237
244
242
-1
237
207
201
231
208
249
238
-1
238
224
230
232
217
209
239
-1
239
204
235
229
224
218
240
-1
240
241
200
222
225
-1
241
238
220
239
240
242
-1
242
233
220
232
227
235
243
-1
243
246
237
214
229
215
244
-1
244
203
247
225
237
229
245
-1
245
209
243
201
232
208
246
-1
246
202
204
212
216
208
247
-1
247
219
209
215
233
228
248
-1
248
242
200
240
244
246
249
-1
249
237
219
245
210
220
200
-1
250
299
282
262
275
293
251
-1
251
280
299
267
281
282
252
-1
252
296
288
275
287
290
253
-1
253
293
287
277
292
254
-1
254
250
282
294
271
255
-1
255
279
281
290
292
271
256
-1
256
299
278
257
284
287
-1
257
269
299
274
262
258
-1
258
282
267
274
277
290
259
-1
259
253
294
255
293
260
-1
260
289
272
258
281
295
261
-1
261
295
276
292
260
264
262
-1
262
293
262
260
251
299
263
-1
263
285
260
288
294
281
264
-1
264
275
264
260
257
279
265
-1
265
289
268
264
277
258
266
-1
266
283
291
282
264
295
267
-1
267
277
252
279
255
285
268
-1
268
293
274
272
287
295
269
-1
269
253
258
255
251
290
270
-1
270
253
295
267
278
260
271
-1
271
281
267
298
268
271
272
-1
272
262
296
253
267
258
273
-1
273
254
289
296
258
295
274
-1
274
287
253
276
266
272
275
-1
275
268
288
263
271
277
276
-1
276
258
264
268
297
284
277
-1
277
290
283
272
265
288
278
-1
278
260
285
254
280
279
-1
279
267
279
261
293
256
280
-1
280
291
274
257
268
286
281
-1
281
298
263
296
277
292
282
-1
282
294
264
283
278
271
-1
283
278
297
273
284
-1
284
254
274
270
293
275
285
-1
285
262
273
276
272
286
-1
286
285
293
289
269
276
287
-1
287
296
262
297
283
255
288
-1
288
270
268
273
251
289
-1
289
291
287
281
266
290
-1
290
258
269
261
289
254
291
-1
291
299
281
269
290
292
-1
292
286
257
250
279
254
293
-1
293
263
280
251
265
294
-1
294
258
257
287
284
259
295
-1
295
286
256
294
260
261
296
-1
296
262
257
278
283
291
297
-1
297
268
267
272
253
298
-1
298
253
270
281
265
255
299
-1
299
289
277
258
266
256
250
-1
300
307
310
304
349
320
301
-1
301
300
329
318
347
312
302
-1
302
302
326
300
338
341
303
-1
303
323
327
328
337
324
304
-1
304
314
309
330
324
341
305
-1
305
321
302
312
337
305
306
-1
306
322
305
316
335
315
307
-1
307
310
324
341
348
322
308
-1
308
328
347
333
335
340
309
-1
309
329
340
304
312
322
310
-1
310
325
311
340
308
321
-1
311
310
346
319
306
312
-1
312
340
319
318
304
331
313
-1
313
302
309
313
347
346
314
-1
314
318
314
315
306
323
-1
315
337
327
324
300
316
-1
316
302
327
304
331
338
317
-1
317
344
349
313
331
338
318
-1
318
331
339
346
344
322
319
-1
319
338
323
337
308
320
-1
320
307
340
321
343
311
-1
321
333
310
344
336
349
322
-1
322
300
345
343
349
329
323
-1
323
330
328
337
346
318
324
-1
324
307
339
327
348
303
325
-1
325
321
303
317
326
-1
326
319
345
342
308
309
327
-1
327
304
327
307
334
309
328
-1
328
323
345
318
316
346
329
-1
329
349
313
341
344
322
330
-1
330
327
331
308
312
-1
331
305
328
307
301
321
332
-1
332
320
346
311
318
321
333
-1
333
337
323
341
304
315
334
-1
334
311
333
329
306
335
-1
335
301
323
324
317
336
-1
336
303
323
322
304
337
-1
337
336
301
309
332
305
338
-1
338
302
316
317
324
325
339
-1
339
306
342
321
326
340
-1
340
341
336
315
320
319
-1
341
328
348
343
346
337
342
-1
342
339
309
317
341
343
-1
343
306
328
345
336
344
-1
344
302
300
301
313
336
345
-1
345
307
334
332
338
349
346
-1
346
311
306
331
341
327
347
-1
347
318
329
300
321
348
-1
348
304
309
343
307
349
-1
349
323
304
316
349
332
300
-1
350
396
360
354
365
363
351
-1
351
394
361
362
356
352
-1
352
371
376
366
379
350
353
-1
353
355
379
354
383
391
-1
354
378
393
371
373
384
355
-1
355
363
376
362
379
353
356
-1
356
364
371
350
376
370
357
-1
357
392
373
382
353
394
358
-1
358
384
356
358
369
359
-1
359
363
359
371
370
364
360
-1
360
369
363
389
357
372
361
-1
361
375
386
355
368
399
362
-1
362
364
389
383
395
363
-1
363
377
376
359
383
390
364
-1
364
357
398
390
358
385
365
-1
365
399
379
378
388
383
366
-1
366
398
364
382
368
377
367
-1
367
372
376
395
362
365
368
-1
368
391
385
373
382
388
369
-1
369
353
357
395
367
396
370
-1
370
360
374
375
385
371
-1
371
353
388
399
366
354
372
-1
372
358
356
369
363
399
373
-1
373
361
370
379
394
374
-1
374
364
399
386
394
376
375
-1
375
394
396
364
366
376
-1
376
365
384
351
395
368
377
-1
377
374
391
382
367
355
378
-1
378
393
375
387
351
379
-1
379
356
385
352
369
375
380
-1
380
392
386
389
362
397
381
-1
381
361
376
378
353
367
382
-1
382
381
393
388
376
398
383
-1
383
373
398
390
376
366
384
-1
384
366
380
369
395
364
385
-1
385
369
392
358
396
362
386
-1
386
393
396
391
365
371
387
-1
387
370
392
366
388
-1
388
357
379
395
383
353
389
-1
389
353
363
351
370
390
-1
390
380
352
398
391
-1
391
393
362
394
381
355
392
-1
392
382
388
381
378
386
393
-1
393
361
382
355
376
394
-1
394
391
375
355
354
361
395
-1
395
361
385
383
366
381
396
-1
396
350
364
360
359
381
397
-1
397
374
387
371
388
398
-1
398
383
397
351
379
399
-1
399
352
365
355
353
350
-1
400
423
422
424
444
434
401
-1
401
417
446
425
444
401
402
-1
402
422
432
437
415
402
403
-1
403
424
438
427
402
411
404
-1
404
410
432
404
428
403
405
-1
405
411
402
417
426
403
406
-1
406
402
441
438
448
407
-1
407
412
448
421
407
428
408
-1
408
403
431
445
419
409
-1
409
426
442
424
433
423
410
-1
410
441
426
404
402
435
411
-1
411
428
445
447
411
410
412
-1
412
413
446
402
440
424
-1
413
428
416
412
438
414
-1
414
405
445
441
426
431
415
-1
415
424
411
445
410
405
416
-1
416
415
439
414
447
421
417
-1
417
414
426
405
431
418
-1
418
433
400
406
423
416
419
-1
419
444
411
402
432
420
-1
420
403
444
446
432
425
421
-1
421
438
432
426
439
422
-1
422
428
413
425
448
435
423
-1
423
440
425
426
407
418
424
-1
424
443
415
419
421
445
425
-1
425
448
444
413
436
438
426
-1
426
448
429
443
417
426
427
-1
427
446
400
401
440
419
428
-1
428
422
416
431
427
442
429
-1
429
406
431
437
405
407
430
-1
430
449
448
442
436
423
431
-1
431
411
447
432
400
428
-1
432
406
445
411
403
421
433
-1
433
417
424
430
443
446
434
-1
434
422
435
408
427
419
-1
435
406
402
447
410
436
-1
436
415
408
427
436
448
437
-1
437
417
424
418
438
-1
438
436
405
408
410
431
439
-1
439
435
415
422
403
440
-1
440
419
427
436
402
441
-1
441
419
406
429
404
417
442
-1
442
404
400
423
412
443
-1
443
403
409
400
448
425
444
-1
444
420
405
442
437
445
-1
445
421
420
413
400
427
446
-1
446
411
438
449
412
443
447
-1
447
438
433
444
421
448
-1
448
433
428
402
430
410
449
-1
449
420
447
418
442
408
400
-1
450
499
459
493
471
451
-1
451
466
479
481
460
456
452
-1
452
494
471
464
488
452
453
-1
453
455
477
451
472
452
454
-1
454
483
456
473
472
497
455
-1
455
488
466
480
450
474
456
-1
456
453
490
475
471
465
457
-1
457
495
467
470
456
499
458
-1
458
480
478
471
469
458
459
-1
459
451
464
456
475
488
460
-1
460
498
458
464
454
452
461
-1
461
487
459
477
471
453
462
-1
462
483
486
467
454
470
463
-1
463
474
459
465
463
460
464
-1
464
492
468
462
484
467
465
-1
465
474
463
457
480
486
466
-1
466
465
453
490
474
475
467
-1
467
493
476
452
467
463
468
-1
468
457
475
478
460
451
469
-1
469
454
486
452
476
458
470
-1
470
451
466
490
485
496
471
-1
471
474
463
493
473
467
472
-1
472
468
454
490
475
474
473
-1
473
481
491
470
452
474
-1
474
468
497
492
458
453
475
-1
475
476
462
473
494
463
-1
476
498
476
457
487
461
477
-1
477
478
498
454
484
-1
478
473
471
451
450
460
479
-1
479
487
488
475
489
480
-1
480
497
496
480
468
488
481
-1
481
473
498
465
491
481
482
-1
482
462
484
478
486
467
483
-1
483
477
466
451
483
480
484
-1
484
451
456
455
496
498
485
-1
485
483
475
492
496
480
486
-1
486
451
487
468
465
498
-1
487
459
465
494
468
499
488
-1
488
483
490
457
496
455
489
-1
489
474
462
489
488
496
490
-1
490
478
477
485
465
450
491
-1
491
450
465
479
457
456
492
-1
492
465
468
463
478
481
493
-1
493
455
457
452
478
497
494
-1
494
466
471
488
492
470
495
-1
495
463
489
457
461
491
496
-1
496
459
464
492
451
457
497
-1
497
461
478
454
468
458
498
-1
498
477
480
451
461
466
499
-1
499
482
475
499
453
470
450
-1
